  15 202  47 228 201 178  93  84 176 230  24 232  61 135  18  42
  84 107  99 182  13 184 173  78  16 230   3  17 114 106  66 221
  43  23 190  37 121  25 232 215  60  77 103 220 172  27 172 180
 251  56  83  17 236 226  48 160   6   9 153  53 231 192 195 123
 214 242  21 114  89   2  83  99   0 244 140   0  80 246 146  81
 189 154 200  56 127 246  41  18 196  36  28 152 113 229  35 124
  59  83 114   9 178  44 148 196 235 137  18 220 241 215 239  88
 224 250  28  26 113 109 164 205  61  29  52 113  24 245  32 255
  81   9 131 222  89 219  28 144 124  76 207  37  13  13 170  18
  35  59 151 113 143 137
